Year,First Open,Last Close,Average Close,Change,Percent Change
1992,3152.100098,3301.110107,3284.080356874016,149.01000900000008,4.73%
1993,3301.100098,3754.0900880000004,3524.9184531699616,452.9899900000005,13.72%
1994,3754.100098,3834.4399409999996,3794.222297813491,80.33984299999975,2.14%
1995,3834.399902,5117.120117,4494.27638268254,1282.7202150000003,33.45%
1996,5115.700195,6448.27002,5739.626468685039,1332.5698249999996,26.05%
1997,6447.5,7908.299805,7447.007625292487,1460.7998049999997,22.66%
1998,7910.200195,9181.429688,8630.764419801582,1271.2294929999998,16.07%
1999,9184.009766,11497.12012,10481.555222472218,2313.1103540000004,25.19%
2000,11501.84961,10787.99023,10729.37765104763,-713.8593799999999,-6.21%
2001,10790.91992,10021.57031,10208.861954193548,-769.3496100000011,-7.13%
2002,10021.70996,8341.629883,9214.852666936506,-1680.0800770000005,-16.76%
2003,8342.379883,10453.91992,9006.63666655555,2111.5400370000007,25.31%
2004,10452.74023,10783.00977,10315.512769543648,330.26954000000114,3.16%
2005,10783.75,10717.5,10546.655533611109,-66.25,-0.61%
2006,10718.299809999999,12463.15039,11409.779701872507,1744.850580000002,16.28%
2007,12459.54004,13264.82031,13178.25538135458,805.2802699999993,6.46%
2008,13261.82031,8776.389648,11244.06260444268,-4485.430661999999,-33.82%
2009,8772.25,10428.049809999999,8885.654698198412,1655.7998099999986,18.88%
2010,10430.69043,11577.50977,10668.58345757143,1146.81934,10.99%
2011,11577.42969,12217.55957,11957.570003055556,640.1298799999986,5.53%
2012,12221.19043,13104.13965,12965.313441879998,882.9492199999986,7.22%
2013,13104.299809999999,16576.66016,15009.522775317464,3472.360350000001,26.50%
2014,16572.16992,17823.07031,16777.690937261905,1250.9003899999989,7.55%
2015,17823.07031,17425.0293,17587.08821253967,-398.0410100000008,-2.23%
2016,17405.48047,19762.59961,17927.107348690464,2357.1191400000025,13.54%
2017,19872.85938,24719.2207,21750.20374788843,4846.36132,24.39%
2018,24809.34961,23327.46094,25053.949997490017,-1481.8886700000003,-5.97%
2019,23058.60938,28538.43945,26379.543798333332,5479.83007,23.76%
2020,28638.9707,30606.48047,26890.673612371556,1967.509769999997,6.87%
2021,30627.4707,30687.48047,30785.956659523803,60.009769999996934,0.20%
