,Year,First Open,Last Close,Average Close,Year Change,Percent Change,Avg Daily Change/Volatility
0,1992,3152.10,3301.11,3284.08,149.01,0.04727,0.00501
1,1993,3301.10,3754.09,3524.92,452.99,0.13722,0.00408
2,1994,3754.10,3834.44,3794.22,80.34,0.02140,0.00515
3,1995,3834.40,5117.12,4494.28,1282.72,0.33453,0.00422
4,1996,5115.70,6448.27,5739.63,1332.57,0.26049,0.00573
5,1997,6447.50,7908.30,7447.01,1460.80,0.22657,0.00857
6,1998,7910.20,9181.43,8630.76,1271.23,0.16071,0.00884
7,1999,9184.01,11497.12,10481.56,2313.11,0.25186,0.00783
8,2000,11501.85,10787.99,10729.38,-713.86,-0.06206,0.00988
9,2001,10790.92,10021.57,10208.86,-769.35,-0.07130,0.00967
10,2002,10021.71,8341.63,9214.85,-1680.08,-0.16764,0.01174
11,2003,8342.38,10453.92,9006.64,2111.54,0.25311,0.00772
12,2004,10452.74,10783.01,10315.51,330.27,0.03160,0.00525
13,2005,10783.75,10717.50,10546.66,-66.25,-0.00614,0.00514
14,2006,10718.30,12463.15,11409.78,1744.85,0.16279,0.00456
15,2007,12459.54,13264.82,13178.26,805.28,0.06463,0.00653
16,2008,13261.82,8776.39,11244.06,-4485.43,-0.33822,0.01502
17,2009,8772.25,10428.05,8885.65,1655.80,0.18875,0.01043
18,2010,10430.69,11577.51,10668.58,1146.82,0.10995,0.00686
19,2011,11577.43,12217.56,11957.57,640.13,0.05529,0.00928
20,2012,12221.19,13104.14,12965.31,882.95,0.07225,0.00546
21,2013,13104.30,16576.66,15009.52,3472.36,0.26498,0.00484
22,2014,16572.17,17823.07,16777.69,1250.90,0.07548,0.00494
23,2015,17823.07,17425.03,17587.09,-398.04,-0.02233,0.00702
24,2016,17405.48,19762.60,17927.11,2357.12,0.13542,0.00501
25,2017,19872.86,24719.22,21750.20,4846.36,0.24387,0.00242
26,2018,24809.35,23327.46,25053.95,-1481.89,-0.05973,0.00698
27,2019,23058.61,28538.44,26379.54,5479.83,0.23765,0.00421
28,2020,28638.97,30606.48,26890.67,1967.51,0.06870,0.00952
29,2021,30627.47,30687.48,30785.96,60.01,0.00196,0.00606
