,year,ager,newcrime,count,proportion,count_year,proportion_year,count_year_ager,proportion_year_ager
0,1996,12 to 14,Personal theft/larceny,19,0.00040373990650233746,3748,0.005069370330843116,490,0.03877551020408163
1,1996,12 to 14,Violent victimization,471,0.010008499787505312,3748,0.12566702241195304,490,0.9612244897959183
2,1996,15 to 17,Personal theft/larceny,9,0.00019124521886952826,3748,0.00240128068303095,430,0.020930232558139535
3,1996,15 to 17,Violent victimization,421,0.008946026349341267,3748,0.11232657417289221,430,0.9790697674418605
4,1996,18 to 20,Personal theft/larceny,11,0.0002337441563960901,3748,0.002934898612593383,367,0.02997275204359673
5,1996,18 to 20,Violent victimization,356,0.0075648108797280065,3748,0.09498399146211313,367,0.9700272479564033
6,1996,21 to 24,Personal theft/larceny,12,0.000254993625159371,3748,0.0032017075773745998,366,0.03278688524590164
7,1996,21 to 24,Violent victimization,354,0.007522311942201445,3748,0.09445037353255069,366,0.9672131147540983
8,1996,25 to 34,Personal theft/larceny,21,0.0004462388440288993,3748,0.005602988260405549,868,0.024193548387096774
9,1996,25 to 34,Violent victimization,847,0.017998300042498937,3748,0.22598719316969051,868,0.9758064516129032
10,1996,35 to 49,Personal theft/larceny,27,0.0005737356566085848,3748,0.00720384204909285,883,0.030577576443941108
11,1996,35 to 49,Violent victimization,856,0.018189545261368466,3748,0.22838847385272146,883,0.9694224235560589
12,1996,50 to 64,Personal theft/larceny,17,0.0003612409689757756,3748,0.004535752401280683,261,0.06513409961685823
13,1996,50 to 64,Violent victimization,244,0.005184870378240544,3748,0.06510138740661686,261,0.9348659003831418
14,1996,65 or older,Personal theft/larceny,11,0.0002337441563960901,3748,0.002934898612593383,83,0.13253012048192772
15,1996,65 or older,Violent victimization,72,0.001529961750956226,3748,0.0192102454642476,83,0.8674698795180723
16,1997,12 to 14,Personal theft/larceny,15,0.0003187420314492138,3324,0.004512635379061372,400,0.0375
17,1997,12 to 14,Violent victimization,385,0.008181045473863153,3324,0.11582430806257521,400,0.9625
18,1997,15 to 17,Personal theft/larceny,11,0.0002337441563960901,3324,0.003309265944645006,380,0.02894736842105263
19,1997,15 to 17,Violent victimization,369,0.007841053973650659,3324,0.11101083032490974,380,0.9710526315789474
20,1997,18 to 20,Personal theft/larceny,8,0.00016999575010624734,3324,0.0024067388688327317,334,0.023952095808383235
21,1997,18 to 20,Violent victimization,326,0.006927326816829579,3324,0.09807460890493382,334,0.9760479041916168
22,1997,21 to 24,Personal theft/larceny,10,0.00021249468763280918,3324,0.0030084235860409147,305,0.03278688524590164
23,1997,21 to 24,Violent victimization,295,0.0062685932851678705,3324,0.08874849578820698,305,0.9672131147540983
24,1997,25 to 34,Personal theft/larceny,17,0.0003612409689757756,3324,0.005114320096269555,712,0.023876404494382022
25,1997,25 to 34,Violent victimization,695,0.014768380790480238,3324,0.20908543922984357,712,0.976123595505618
26,1997,35 to 49,Personal theft/larceny,36,0.000764980875478113,3324,0.010830324909747292,871,0.04133180252583238
27,1997,35 to 49,Violent victimization,835,0.017743306417339566,3324,0.25120336943441635,871,0.9586681974741676
28,1997,50 to 64,Personal theft/larceny,18,0.0003824904377390565,3324,0.005415162454873646,240,0.075
29,1997,50 to 64,Violent victimization,222,0.004717382065448364,3324,0.06678700361010831,240,0.925
30,1997,65 or older,Personal theft/larceny,18,0.0003824904377390565,3324,0.005415162454873646,82,0.21951219512195122
31,1997,65 or older,Violent victimization,64,0.0013599660008499787,3324,0.019253910950661854,82,0.7804878048780488
32,1998,12 to 14,Personal theft/larceny,8,0.00016999575010624734,3003,0.002664002664002664,363,0.02203856749311295
33,1998,12 to 14,Violent victimization,355,0.007543561410964726,3003,0.11821511821511821,363,0.977961432506887
34,1998,15 to 17,Personal theft/larceny,9,0.00019124521886952826,3003,0.002997002997002997,334,0.02694610778443114
35,1998,15 to 17,Violent victimization,325,0.006906077348066298,3003,0.10822510822510822,334,0.9730538922155688
36,1998,18 to 20,Personal theft/larceny,8,0.00016999575010624734,3003,0.002664002664002664,336,0.023809523809523808
37,1998,18 to 20,Violent victimization,328,0.006969825754356141,3003,0.10922410922410923,336,0.9761904761904762
38,1998,21 to 24,Personal theft/larceny,8,0.00016999575010624734,3003,0.002664002664002664,296,0.02702702702702703
39,1998,21 to 24,Violent victimization,288,0.006119847003824904,3003,0.0959040959040959,296,0.972972972972973
40,1998,25 to 34,Personal theft/larceny,15,0.0003187420314492138,3003,0.004995004995004995,590,0.025423728813559324
41,1998,25 to 34,Violent victimization,575,0.012218444538886528,3003,0.1914751914751915,590,0.9745762711864406
42,1998,35 to 49,Personal theft/larceny,30,0.0006374840628984276,3003,0.00999000999000999,773,0.03880983182406209
43,1998,35 to 49,Violent victimization,743,0.01578835529111772,3003,0.24741924741924742,773,0.9611901681759379
44,1998,50 to 64,Personal theft/larceny,24,0.000509987250318742,3003,0.007992007992007992,260,0.09230769230769231
45,1998,50 to 64,Violent victimization,236,0.005014874628134297,3003,0.07858807858807859,260,0.9076923076923077
46,1998,65 or older,Personal theft/larceny,10,0.00021249468763280918,3003,0.00333000333000333,51,0.19607843137254902
47,1998,65 or older,Violent victimization,41,0.0008712282192945176,3003,0.013653013653013654,51,0.803921568627451
48,1999,12 to 14,Personal theft/larceny,12,0.000254993625159371,2598,0.004618937644341801,288,0.041666666666666664
49,1999,12 to 14,Violent victimization,276,0.0058648533786655336,2598,0.10623556581986143,288,0.9583333333333334
50,1999,15 to 17,Personal theft/larceny,6,0.0001274968125796855,2598,0.0023094688221709007,298,0.020134228187919462
51,1999,15 to 17,Violent victimization,292,0.006204844878878028,2598,0.11239414934565051,298,0.9798657718120806
52,1999,18 to 20,Personal theft/larceny,6,0.0001274968125796855,2598,0.0023094688221709007,277,0.021660649819494584
53,1999,18 to 20,Violent victimization,271,0.005758606034849129,2598,0.10431100846805234,277,0.9783393501805054
54,1999,21 to 24,Personal theft/larceny,6,0.0001274968125796855,2598,0.0023094688221709007,278,0.02158273381294964
55,1999,21 to 24,Violent victimization,272,0.00577985550361241,2598,0.10469591993841416,278,0.9784172661870504
56,1999,25 to 34,Personal theft/larceny,18,0.0003824904377390565,2598,0.006928406466512702,531,0.03389830508474576
57,1999,25 to 34,Violent victimization,513,0.01090097747556311,2598,0.197459584295612,531,0.9661016949152542
58,1999,35 to 49,Personal theft/larceny,11,0.0002337441563960901,2598,0.004234026173979984,622,0.017684887459807074
59,1999,35 to 49,Violent victimization,611,0.012983425414364641,2598,0.23518090839107006,622,0.9823151125401929
60,1999,50 to 64,Personal theft/larceny,11,0.0002337441563960901,2598,0.004234026173979984,243,0.04526748971193416
61,1999,50 to 64,Violent victimization,232,0.004929876753081173,2598,0.08929946112394149,243,0.9547325102880658
62,1999,65 or older,Personal theft/larceny,9,0.00019124521886952826,2598,0.003464203233256351,61,0.14754098360655737
63,1999,65 or older,Violent victimization,52,0.0011049723756906078,2598,0.020015396458814474,61,0.8524590163934426
64,2000,12 to 14,Personal theft/larceny,4,8.499787505312367e-05,2254,0.001774622892635315,232,0.017241379310344827
65,2000,12 to 14,Violent victimization,228,0.004844878878028049,2254,0.10115350488021295,232,0.9827586206896551
66,2000,15 to 17,Personal theft/larceny,7,0.00014874628134296642,2254,0.003105590062111801,226,0.030973451327433628
67,2000,15 to 17,Violent victimization,219,0.004653633659158521,2254,0.09716060337178349,226,0.9690265486725663
68,2000,18 to 20,Personal theft/larceny,12,0.000254993625159371,2254,0.005323868677905945,244,0.04918032786885246
69,2000,18 to 20,Violent victimization,232,0.004929876753081173,2254,0.10292812777284827,244,0.9508196721311475
70,2000,21 to 24,Personal theft/larceny,4,8.499787505312367e-05,2254,0.001774622892635315,221,0.01809954751131222
71,2000,21 to 24,Violent victimization,217,0.004611134721631959,2254,0.09627329192546584,221,0.9819004524886877
72,2000,25 to 34,Personal theft/larceny,22,0.0004674883127921802,2254,0.009760425909494233,521,0.04222648752399232
73,2000,25 to 34,Violent victimization,499,0.010603484912877178,2254,0.22138420585625554,521,0.9577735124760077
74,2000,35 to 49,Personal theft/larceny,21,0.0004462388440288993,2254,0.009316770186335404,526,0.039923954372623575
75,2000,35 to 49,Violent victimization,505,0.010730981725456864,2254,0.22404614019520852,526,0.9600760456273765
76,2000,50 to 64,Personal theft/larceny,10,0.00021249468763280918,2254,0.0044365572315882874,218,0.045871559633027525
77,2000,50 to 64,Violent victimization,208,0.004419889502762431,2254,0.09228039041703638,218,0.9541284403669725
78,2000,65 or older,Personal theft/larceny,18,0.0003824904377390565,2254,0.007985803016858917,66,0.2727272727272727
79,2000,65 or older,Violent victimization,48,0.001019974500637484,2254,0.02129547471162378,66,0.7272727272727273
80,2001,12 to 14,Personal theft/larceny,2,4.2498937526561835e-05,2016,0.000992063492063492,224,0.008928571428571428
81,2001,12 to 14,Violent victimization,222,0.004717382065448364,2016,0.11011904761904762,224,0.9910714285714286
82,2001,15 to 17,Personal theft/larceny,7,0.00014874628134296642,2016,0.003472222222222222,226,0.030973451327433628
83,2001,15 to 17,Violent victimization,219,0.004653633659158521,2016,0.10863095238095238,226,0.9690265486725663
84,2001,18 to 20,Personal theft/larceny,8,0.00016999575010624734,2016,0.003968253968253968,181,0.04419889502762431
85,2001,18 to 20,Violent victimization,173,0.003676158096047599,2016,0.08581349206349206,181,0.9558011049723757
86,2001,21 to 24,Personal theft/larceny,9,0.00019124521886952826,2016,0.004464285714285714,197,0.04568527918781726
87,2001,21 to 24,Violent victimization,188,0.003994900127496813,2016,0.09325396825396826,197,0.9543147208121827
88,2001,25 to 34,Personal theft/larceny,12,0.000254993625159371,2016,0.005952380952380952,408,0.029411764705882353
89,2001,25 to 34,Violent victimization,396,0.008414789630259243,2016,0.19642857142857142,408,0.9705882352941176
90,2001,35 to 49,Personal theft/larceny,10,0.00021249468763280918,2016,0.00496031746031746,554,0.018050541516245487
91,2001,35 to 49,Violent victimization,544,0.01155971100722482,2016,0.2698412698412698,554,0.9819494584837545
92,2001,50 to 64,Personal theft/larceny,5,0.00010624734381640459,2016,0.00248015873015873,169,0.029585798816568046
93,2001,50 to 64,Violent victimization,164,0.0034849128771780704,2016,0.08134920634920635,169,0.9704142011834319
94,2001,65 or older,Personal theft/larceny,10,0.00021249468763280918,2016,0.00496031746031746,57,0.17543859649122806
95,2001,65 or older,Violent victimization,47,0.0009987250318742032,2016,0.023313492063492064,57,0.8245614035087719
96,2002,12 to 14,Personal theft/larceny,4,8.499787505312367e-05,1812,0.002207505518763797,185,0.021621621621621623
97,2002,12 to 14,Violent victimization,181,0.0038461538461538464,1812,0.0998896247240618,185,0.9783783783783784
98,2002,15 to 17,Personal theft/larceny,3,6.374840628984275e-05,1812,0.0016556291390728477,180,0.016666666666666666
99,2002,15 to 17,Violent victimization,177,0.0037611559711007224,1812,0.09768211920529801,180,0.9833333333333333
100,2002,18 to 20,Personal theft/larceny,4,8.499787505312367e-05,1812,0.002207505518763797,218,0.01834862385321101
101,2002,18 to 20,Violent victimization,214,0.004547386315342117,1812,0.11810154525386314,218,0.981651376146789
102,2002,21 to 24,Personal theft/larceny,5,0.00010624734381640459,1812,0.0027593818984547464,189,0.026455026455026454
103,2002,21 to 24,Violent victimization,184,0.003909902252443689,1812,0.10154525386313466,189,0.9735449735449735
104,2002,25 to 34,Personal theft/larceny,7,0.00014874628134296642,1812,0.003863134657836645,352,0.019886363636363636
105,2002,25 to 34,Violent victimization,345,0.007331066723331917,1812,0.19039735099337748,352,0.9801136363636364
106,2002,35 to 49,Personal theft/larceny,17,0.0003612409689757756,1812,0.009381898454746136,446,0.03811659192825112
107,2002,35 to 49,Violent victimization,429,0.009116022099447514,1812,0.2367549668874172,446,0.9618834080717489
108,2002,50 to 64,Personal theft/larceny,6,0.0001274968125796855,1812,0.0033112582781456954,189,0.031746031746031744
109,2002,50 to 64,Violent victimization,183,0.003888652783680408,1812,0.10099337748344371,189,0.9682539682539683
110,2002,65 or older,Personal theft/larceny,9,0.00019124521886952826,1812,0.004966887417218543,53,0.16981132075471697
111,2002,65 or older,Violent victimization,44,0.0009349766255843604,1812,0.024282560706401765,53,0.8301886792452831
112,2003,12 to 14,Personal theft/larceny,8,0.00016999575010624734,1711,0.004675628287551139,197,0.04060913705583756
113,2003,12 to 14,Violent victimization,189,0.0040161495962600935,1711,0.11046171829339567,197,0.9593908629441624
114,2003,15 to 17,Personal theft/larceny,6,0.0001274968125796855,1711,0.0035067212156633548,195,0.03076923076923077
115,2003,15 to 17,Violent victimization,189,0.0040161495962600935,1711,0.11046171829339567,195,0.9692307692307692
116,2003,18 to 20,Personal theft/larceny,2,4.2498937526561835e-05,1711,0.0011689070718877848,149,0.013422818791946308
117,2003,18 to 20,Violent victimization,147,0.003123671908202295,1711,0.08591466978375219,149,0.9865771812080537
118,2003,21 to 24,Personal theft/larceny,7,0.00014874628134296642,1711,0.004091174751607247,195,0.035897435897435895
119,2003,21 to 24,Violent victimization,188,0.003994900127496813,1711,0.10987726475745178,195,0.9641025641025641
120,2003,25 to 34,Personal theft/larceny,14,0.00029749256268593285,1711,0.008182349503214495,344,0.040697674418604654
121,2003,25 to 34,Violent victimization,330,0.0070123246918827025,1711,0.19286966686148452,344,0.9593023255813954
122,2003,35 to 49,Personal theft/larceny,12,0.000254993625159371,1711,0.0070134424313267095,416,0.028846153846153848
123,2003,35 to 49,Violent victimization,404,0.00858478538036549,1711,0.23611922852133255,416,0.9711538461538461
124,2003,50 to 64,Personal theft/larceny,6,0.0001274968125796855,1711,0.0035067212156633548,180,0.03333333333333333
125,2003,50 to 64,Violent victimization,174,0.0036974075648108797,1711,0.1016949152542373,180,0.9666666666666667
126,2003,65 or older,Personal theft/larceny,7,0.00014874628134296642,1711,0.004091174751607247,35,0.2
127,2003,65 or older,Violent victimization,28,0.0005949851253718657,1711,0.01636469900642899,35,0.8
128,2004,12 to 14,Personal theft/larceny,6,0.0001274968125796855,1599,0.00375234521575985,168,0.03571428571428571
129,2004,12 to 14,Violent victimization,162,0.0034424139396515086,1599,0.10131332082551595,168,0.9642857142857143
130,2004,15 to 17,Personal theft/larceny,9,0.00019124521886952826,1599,0.005628517823639775,157,0.05732484076433121
131,2004,15 to 17,Violent victimization,148,0.0031449213769655757,1599,0.09255784865540963,157,0.9426751592356688
132,2004,18 to 20,Personal theft/larceny,6,0.0001274968125796855,1599,0.00375234521575985,162,0.037037037037037035
133,2004,18 to 20,Violent victimization,156,0.0033149171270718232,1599,0.0975609756097561,162,0.9629629629629629
134,2004,21 to 24,Personal theft/larceny,4,8.499787505312367e-05,1599,0.0025015634771732333,175,0.022857142857142857
135,2004,21 to 24,Violent victimization,171,0.003633659158521037,1599,0.10694183864915573,175,0.9771428571428571
136,2004,25 to 34,Personal theft/larceny,8,0.00016999575010624734,1599,0.0050031269543464665,288,0.027777777777777776
137,2004,25 to 34,Violent victimization,280,0.005949851253718657,1599,0.17510944340212634,288,0.9722222222222222
138,2004,35 to 49,Personal theft/larceny,15,0.0003187420314492138,1599,0.009380863039399626,416,0.036057692307692304
139,2004,35 to 49,Violent victimization,401,0.008521036974075647,1599,0.2507817385866166,416,0.9639423076923077
140,2004,50 to 64,Personal theft/larceny,8,0.00016999575010624734,1599,0.0050031269543464665,194,0.041237113402061855
141,2004,50 to 64,Violent victimization,186,0.003952401189970251,1599,0.11632270168855535,194,0.9587628865979382
142,2004,65 or older,Personal theft/larceny,11,0.0002337441563960901,1599,0.0068792995622263915,39,0.28205128205128205
143,2004,65 or older,Violent victimization,28,0.0005949851253718657,1599,0.017510944340212633,39,0.717948717948718
144,2005,12 to 14,Personal theft/larceny,4,8.499787505312367e-05,1398,0.002861230329041488,136,0.029411764705882353
145,2005,12 to 14,Violent victimization,132,0.002804929876753081,1398,0.0944206008583691,136,0.9705882352941176
146,2005,15 to 17,Personal theft/larceny,2,4.2498937526561835e-05,1398,0.001430615164520744,126,0.015873015873015872
147,2005,15 to 17,Violent victimization,124,0.002634934126646834,1398,0.08869814020028613,126,0.9841269841269841
148,2005,18 to 20,Personal theft/larceny,3,6.374840628984275e-05,1398,0.002145922746781116,129,0.023255813953488372
149,2005,18 to 20,Violent victimization,126,0.0026774330641733957,1398,0.09012875536480687,129,0.9767441860465116
150,2005,21 to 24,Personal theft/larceny,4,8.499787505312367e-05,1398,0.002861230329041488,153,0.026143790849673203
151,2005,21 to 24,Violent victimization,149,0.0031661708457288566,1398,0.10658082975679542,153,0.9738562091503268
152,2005,25 to 34,Personal theft/larceny,11,0.0002337441563960901,1398,0.007868383404864092,258,0.04263565891472868
153,2005,25 to 34,Violent victimization,247,0.005248618784530387,1398,0.17668097281831188,258,0.9573643410852714
154,2005,35 to 49,Personal theft/larceny,16,0.0003399915002124947,1398,0.011444921316165951,372,0.043010752688172046
155,2005,35 to 49,Violent victimization,356,0.0075648108797280065,1398,0.25464949928469244,372,0.956989247311828
156,2005,50 to 64,Personal theft/larceny,9,0.00019124521886952826,1398,0.006437768240343348,188,0.047872340425531915
157,2005,50 to 64,Violent victimization,179,0.003803654908627284,1398,0.12804005722460657,188,0.9521276595744681
158,2005,65 or older,Personal theft/larceny,4,8.499787505312367e-05,1398,0.002861230329041488,36,0.1111111111111111
159,2005,65 or older,Violent victimization,32,0.0006799830004249894,1398,0.022889842632331903,36,0.8888888888888888
160,2006,12 to 14,Personal theft/larceny,4,8.499787505312367e-05,1797,0.0022259321090706734,162,0.024691358024691357
161,2006,12 to 14,Violent victimization,158,0.003357416064598385,1797,0.0879243183082916,162,0.9753086419753086
162,2006,15 to 17,Personal theft/larceny,2,4.2498937526561835e-05,1797,0.0011129660545353367,170,0.011764705882352941
163,2006,15 to 17,Violent victimization,168,0.0035699107522311944,1797,0.09348914858096828,170,0.9882352941176471
164,2006,18 to 20,Personal theft/larceny,3,6.374840628984275e-05,1797,0.001669449081803005,162,0.018518518518518517
165,2006,18 to 20,Violent victimization,159,0.003378665533361666,1797,0.08848080133555926,162,0.9814814814814815
166,2006,21 to 24,Personal theft/larceny,4,8.499787505312367e-05,1797,0.0022259321090706734,180,0.022222222222222223
167,2006,21 to 24,Violent victimization,176,0.0037399065023374415,1797,0.09794101279910963,180,0.9777777777777777
168,2006,25 to 34,Personal theft/larceny,6,0.0001274968125796855,1797,0.00333889816360601,388,0.015463917525773196
169,2006,25 to 34,Violent victimization,382,0.00811729706757331,1797,0.2125765164162493,388,0.9845360824742269
170,2006,35 to 49,Personal theft/larceny,16,0.0003399915002124947,1797,0.008903728436282694,435,0.0367816091954023
171,2006,35 to 49,Violent victimization,419,0.008903527411814705,1797,0.23316638842515303,435,0.9632183908045977
172,2006,50 to 64,Personal theft/larceny,6,0.0001274968125796855,1797,0.00333889816360601,250,0.024
173,2006,50 to 64,Violent victimization,244,0.005184870378240544,1797,0.13578185865331108,250,0.976
174,2006,65 or older,Personal theft/larceny,6,0.0001274968125796855,1797,0.00333889816360601,50,0.12
175,2006,65 or older,Violent victimization,44,0.0009349766255843604,1797,0.02448525319977741,50,0.88
176,2007,12 to 14,Personal theft/larceny,4,8.499787505312367e-05,1645,0.0024316109422492403,171,0.023391812865497075
177,2007,12 to 14,Violent victimization,167,0.0035486612834679135,1645,0.10151975683890578,171,0.9766081871345029
178,2007,15 to 17,Personal theft/larceny,2,4.2498937526561835e-05,1645,0.0012158054711246201,174,0.011494252873563218
179,2007,15 to 17,Violent victimization,172,0.003654908627284318,1645,0.10455927051671733,174,0.9885057471264368
180,2007,18 to 20,Personal theft/larceny,4,8.499787505312367e-05,1645,0.0024316109422492403,140,0.02857142857142857
181,2007,18 to 20,Violent victimization,136,0.002889927751806205,1645,0.08267477203647416,140,0.9714285714285714
182,2007,21 to 24,Personal theft/larceny,5,0.00010624734381640459,1645,0.00303951367781155,152,0.03289473684210526
183,2007,21 to 24,Violent victimization,147,0.003123671908202295,1645,0.08936170212765958,152,0.9671052631578947
184,2007,25 to 34,Personal theft/larceny,11,0.0002337441563960901,1645,0.006686930091185411,317,0.03470031545741325
185,2007,25 to 34,Violent victimization,306,0.006502337441563961,1645,0.18601823708206686,317,0.9652996845425867
186,2007,35 to 49,Personal theft/larceny,13,0.00027624309392265195,1645,0.007902735562310031,411,0.031630170316301706
187,2007,35 to 49,Violent victimization,398,0.008457288567785805,1645,0.2419452887537994,411,0.9683698296836983
188,2007,50 to 64,Personal theft/larceny,8,0.00016999575010624734,1645,0.004863221884498481,235,0.03404255319148936
189,2007,50 to 64,Violent victimization,227,0.004823629409264768,1645,0.13799392097264437,235,0.9659574468085106
190,2007,65 or older,Personal theft/larceny,10,0.00021249468763280918,1645,0.0060790273556231,45,0.2222222222222222
191,2007,65 or older,Violent victimization,35,0.0007437314067148321,1645,0.02127659574468085,45,0.7777777777777778
192,2008,12 to 14,Personal theft/larceny,3,6.374840628984275e-05,1384,0.002167630057803468,129,0.023255813953488372
193,2008,12 to 14,Violent victimization,126,0.0026774330641733957,1384,0.09104046242774566,129,0.9767441860465116
194,2008,15 to 17,Personal theft/larceny,3,6.374840628984275e-05,1384,0.002167630057803468,140,0.02142857142857143
195,2008,15 to 17,Violent victimization,137,0.002911177220569486,1384,0.09898843930635838,140,0.9785714285714285
196,2008,18 to 20,Personal theft/larceny,2,4.2498937526561835e-05,1384,0.001445086705202312,97,0.020618556701030927
197,2008,18 to 20,Violent victimization,95,0.002018699532511687,1384,0.06864161849710983,97,0.979381443298969
198,2008,21 to 24,Personal theft/larceny,2,4.2498937526561835e-05,1384,0.001445086705202312,145,0.013793103448275862
199,2008,21 to 24,Violent victimization,143,0.0030386740331491712,1384,0.10332369942196531,145,0.9862068965517241
200,2008,25 to 34,Personal theft/larceny,5,0.00010624734381640459,1384,0.0036127167630057803,273,0.018315018315018316
201,2008,25 to 34,Violent victimization,268,0.0056948576285592864,1384,0.1936416184971098,273,0.9816849816849816
202,2008,35 to 49,Personal theft/larceny,13,0.00027624309392265195,1384,0.00939306358381503,349,0.03724928366762178
203,2008,35 to 49,Violent victimization,336,0.007139821504462389,1384,0.24277456647398843,349,0.9627507163323782
204,2008,50 to 64,Personal theft/larceny,6,0.0001274968125796855,1384,0.004335260115606936,200,0.03
205,2008,50 to 64,Violent victimization,194,0.004122396940076498,1384,0.14017341040462428,200,0.97
206,2008,65 or older,Personal theft/larceny,6,0.0001274968125796855,1384,0.004335260115606936,51,0.11764705882352941
207,2008,65 or older,Violent victimization,45,0.0009562260943476413,1384,0.03251445086705202,51,0.8823529411764706
208,2009,12 to 14,Personal theft/larceny,1,2.1249468763280918e-05,1256,0.0007961783439490446,102,0.00980392156862745
209,2009,12 to 14,Violent victimization,101,0.0021461963450913725,1256,0.0804140127388535,102,0.9901960784313726
210,2009,15 to 17,Personal theft/larceny,7,0.00014874628134296642,1256,0.005573248407643312,108,0.06481481481481481
211,2009,15 to 17,Violent victimization,101,0.0021461963450913725,1256,0.0804140127388535,108,0.9351851851851852
212,2009,18 to 20,Personal theft/larceny,3,6.374840628984275e-05,1256,0.0023885350318471337,88,0.03409090909090909
213,2009,18 to 20,Violent victimization,85,0.001806204844878878,1256,0.06767515923566879,88,0.9659090909090909
214,2009,21 to 24,Personal theft/larceny,2,4.2498937526561835e-05,1256,0.0015923566878980893,116,0.017241379310344827
215,2009,21 to 24,Violent victimization,114,0.0024224394390140245,1256,0.09076433121019108,116,0.9827586206896551
216,2009,25 to 34,Personal theft/larceny,7,0.00014874628134296642,1256,0.005573248407643312,257,0.027237354085603113
217,2009,25 to 34,Violent victimization,250,0.0053123671908202295,1256,0.19904458598726116,257,0.9727626459143969
218,2009,35 to 49,Personal theft/larceny,5,0.00010624734381640459,1256,0.003980891719745223,327,0.01529051987767584
219,2009,35 to 49,Violent victimization,322,0.006842328941776455,1256,0.25636942675159236,327,0.9847094801223242
220,2009,50 to 64,Personal theft/larceny,8,0.00016999575010624734,1256,0.006369426751592357,210,0.0380952380952381
221,2009,50 to 64,Violent victimization,202,0.004292392690182745,1256,0.160828025477707,210,0.9619047619047619
222,2009,65 or older,Personal theft/larceny,6,0.0001274968125796855,1256,0.004777070063694267,48,0.125
223,2009,65 or older,Violent victimization,42,0.0008924776880577986,1256,0.03343949044585987,48,0.875
224,2010,12 to 14,Personal theft/larceny,1,2.1249468763280918e-05,1234,0.0008103727714748784,89,0.011235955056179775
225,2010,12 to 14,Violent victimization,88,0.0018699532511687207,1234,0.0713128038897893,89,0.9887640449438202
226,2010,15 to 17,Personal theft/larceny,3,6.374840628984275e-05,1234,0.0024311183144246355,79,0.0379746835443038
227,2010,15 to 17,Violent victimization,76,0.0016149596260093498,1234,0.06158833063209076,79,0.9620253164556962
228,2010,18 to 20,Personal theft/larceny,4,8.499787505312367e-05,1234,0.0032414910858995136,112,0.03571428571428571
229,2010,18 to 20,Violent victimization,108,0.002294942626434339,1234,0.08752025931928688,112,0.9642857142857143
230,2010,21 to 24,Personal theft/larceny,2,4.2498937526561835e-05,1234,0.0016207455429497568,117,0.017094017094017096
231,2010,21 to 24,Violent victimization,115,0.0024436889077773054,1234,0.09319286871961102,117,0.9829059829059829
232,2010,25 to 34,Personal theft/larceny,7,0.00014874628134296642,1234,0.005672609400324149,269,0.026022304832713755
233,2010,25 to 34,Violent victimization,262,0.0055673608159796,1234,0.21231766612641814,269,0.9739776951672863
234,2010,35 to 49,Personal theft/larceny,9,0.00019124521886952826,1234,0.007293354943273906,295,0.030508474576271188
235,2010,35 to 49,Violent victimization,286,0.0060773480662983425,1234,0.23176661264181522,295,0.9694915254237289
236,2010,50 to 64,Personal theft/larceny,9,0.00019124521886952826,1234,0.007293354943273906,232,0.03879310344827586
237,2010,50 to 64,Violent victimization,223,0.004738631534211645,1234,0.18071312803889789,232,0.9612068965517241
238,2010,65 or older,Personal theft/larceny,3,6.374840628984275e-05,1234,0.0024311183144246355,41,0.07317073170731707
239,2010,65 or older,Violent victimization,38,0.0008074798130046749,1234,0.03079416531604538,41,0.926829268292683
240,2011,12 to 14,Violent victimization,107,0.0022736931576710583,1398,0.0765379113018598,107,1.0
241,2011,15 to 17,Personal theft/larceny,6,0.0001274968125796855,1398,0.004291845493562232,104,0.057692307692307696
242,2011,15 to 17,Violent victimization,98,0.00208244793880153,1398,0.07010014306151645,104,0.9423076923076923
243,2011,18 to 20,Personal theft/larceny,5,0.00010624734381640459,1398,0.00357653791130186,116,0.04310344827586207
244,2011,18 to 20,Violent victimization,111,0.002358691032724182,1398,0.07939914163090128,116,0.9568965517241379
245,2011,21 to 24,Personal theft/larceny,6,0.0001274968125796855,1398,0.004291845493562232,160,0.0375
246,2011,21 to 24,Violent victimization,154,0.0032724181895452615,1398,0.11015736766809728,160,0.9625
247,2011,25 to 34,Personal theft/larceny,8,0.00016999575010624734,1398,0.005722460658082976,273,0.029304029304029304
248,2011,25 to 34,Violent victimization,265,0.005631109222269443,1398,0.18955650929899856,273,0.9706959706959707
249,2011,35 to 49,Personal theft/larceny,9,0.00019124521886952826,1398,0.006437768240343348,343,0.026239067055393587
250,2011,35 to 49,Violent victimization,334,0.007097322566935827,1398,0.23891273247496422,343,0.9737609329446064
251,2011,50 to 64,Personal theft/larceny,8,0.00016999575010624734,1398,0.005722460658082976,240,0.03333333333333333
252,2011,50 to 64,Violent victimization,232,0.004929876753081173,1398,0.1659513590844063,240,0.9666666666666667
253,2011,65 or older,Personal theft/larceny,9,0.00019124521886952826,1398,0.006437768240343348,55,0.16363636363636364
254,2011,65 or older,Violent victimization,46,0.0009774755631109223,1398,0.032904148783977114,55,0.8363636363636363
255,2012,12 to 14,Personal theft/larceny,3,6.374840628984275e-05,1715,0.001749271137026239,146,0.02054794520547945
256,2012,12 to 14,Violent victimization,143,0.0030386740331491712,1715,0.08338192419825073,146,0.9794520547945206
257,2012,15 to 17,Personal theft/larceny,2,4.2498937526561835e-05,1715,0.0011661807580174927,103,0.019417475728155338
258,2012,15 to 17,Violent victimization,101,0.0021461963450913725,1715,0.05889212827988338,103,0.9805825242718447
259,2012,18 to 20,Personal theft/larceny,3,6.374840628984275e-05,1715,0.001749271137026239,145,0.020689655172413793
260,2012,18 to 20,Violent victimization,142,0.0030174245643858903,1715,0.08279883381924198,145,0.9793103448275862
261,2012,21 to 24,Personal theft/larceny,3,6.374840628984275e-05,1715,0.001749271137026239,145,0.020689655172413793
262,2012,21 to 24,Violent victimization,142,0.0030174245643858903,1715,0.08279883381924198,145,0.9793103448275862
263,2012,25 to 34,Personal theft/larceny,10,0.00021249468763280918,1715,0.0058309037900874635,372,0.026881720430107527
264,2012,25 to 34,Violent victimization,362,0.007692307692307693,1715,0.2110787172011662,372,0.9731182795698925
265,2012,35 to 49,Personal theft/larceny,9,0.00019124521886952826,1715,0.0052478134110787176,408,0.022058823529411766
266,2012,35 to 49,Violent victimization,399,0.008478538036549086,1715,0.23265306122448978,408,0.9779411764705882
267,2012,50 to 64,Personal theft/larceny,14,0.00029749256268593285,1715,0.00816326530612245,306,0.0457516339869281
268,2012,50 to 64,Violent victimization,292,0.006204844878878028,1715,0.17026239067055393,306,0.954248366013072
269,2012,65 or older,Personal theft/larceny,10,0.00021249468763280918,1715,0.0058309037900874635,90,0.1111111111111111
270,2012,65 or older,Violent victimization,80,0.0016999575010624734,1715,0.04664723032069971,90,0.8888888888888888
271,2013,12 to 14,Personal theft/larceny,2,4.2498937526561835e-05,1476,0.0013550135501355014,135,0.014814814814814815
272,2013,12 to 14,Violent victimization,133,0.002826179345516362,1476,0.09010840108401084,135,0.9851851851851852
273,2013,15 to 17,Personal theft/larceny,3,6.374840628984275e-05,1476,0.0020325203252032522,92,0.03260869565217391
274,2013,15 to 17,Violent victimization,89,0.0018912027199320016,1476,0.06029810298102981,92,0.967391304347826
275,2013,18 to 20,Personal theft/larceny,4,8.499787505312367e-05,1476,0.0027100271002710027,93,0.043010752688172046
276,2013,18 to 20,Violent victimization,89,0.0018912027199320016,1476,0.06029810298102981,93,0.956989247311828
277,2013,21 to 24,Personal theft/larceny,4,8.499787505312367e-05,1476,0.0027100271002710027,135,0.02962962962962963
278,2013,21 to 24,Violent victimization,131,0.0027836804079898,1476,0.08875338753387534,135,0.9703703703703703
279,2013,25 to 34,Personal theft/larceny,7,0.00014874628134296642,1476,0.0047425474254742545,313,0.022364217252396165
280,2013,25 to 34,Violent victimization,306,0.006502337441563961,1476,0.2073170731707317,313,0.9776357827476039
281,2013,35 to 49,Personal theft/larceny,10,0.00021249468763280918,1476,0.006775067750677507,340,0.029411764705882353
282,2013,35 to 49,Violent victimization,330,0.0070123246918827025,1476,0.22357723577235772,340,0.9705882352941176
283,2013,50 to 64,Personal theft/larceny,5,0.00010624734381640459,1476,0.0033875338753387536,306,0.016339869281045753
284,2013,50 to 64,Violent victimization,301,0.006396090097747557,1476,0.20392953929539295,306,0.9836601307189542
285,2013,65 or older,Personal theft/larceny,8,0.00016999575010624734,1476,0.005420054200542005,62,0.12903225806451613
286,2013,65 or older,Violent victimization,54,0.0011474713132171696,1476,0.036585365853658534,62,0.8709677419354839
287,2014,12 to 14,Personal theft/larceny,4,8.499787505312367e-05,1375,0.002909090909090909,88,0.045454545454545456
288,2014,12 to 14,Violent victimization,84,0.0017849553761155972,1375,0.06109090909090909,88,0.9545454545454546
289,2014,15 to 17,Personal theft/larceny,2,4.2498937526561835e-05,1375,0.0014545454545454545,70,0.02857142857142857
290,2014,15 to 17,Violent victimization,68,0.0014449638759031025,1375,0.04945454545454545,70,0.9714285714285714
291,2014,18 to 20,Personal theft/larceny,2,4.2498937526561835e-05,1375,0.0014545454545454545,68,0.029411764705882353
292,2014,18 to 20,Violent victimization,66,0.0014024649383765405,1375,0.048,68,0.9705882352941176
293,2014,21 to 24,Personal theft/larceny,1,2.1249468763280918e-05,1375,0.0007272727272727272,126,0.007936507936507936
294,2014,21 to 24,Violent victimization,125,0.0026561835954101148,1375,0.09090909090909091,126,0.9920634920634921
295,2014,25 to 34,Personal theft/larceny,7,0.00014874628134296642,1375,0.005090909090909091,306,0.02287581699346405
296,2014,25 to 34,Violent victimization,299,0.006353591160220995,1375,0.21745454545454546,306,0.9771241830065359
297,2014,35 to 49,Personal theft/larceny,8,0.00016999575010624734,1375,0.005818181818181818,363,0.02203856749311295
298,2014,35 to 49,Violent victimization,355,0.007543561410964726,1375,0.2581818181818182,363,0.977961432506887
299,2014,50 to 64,Personal theft/larceny,7,0.00014874628134296642,1375,0.005090909090909091,293,0.023890784982935155
300,2014,50 to 64,Violent victimization,286,0.0060773480662983425,1375,0.208,293,0.9761092150170648
301,2014,65 or older,Personal theft/larceny,5,0.00010624734381640459,1375,0.0036363636363636364,61,0.08196721311475409
302,2014,65 or older,Violent victimization,56,0.0011899702507437314,1375,0.04072727272727273,61,0.9180327868852459
303,2015,12 to 14,Violent victimization,95,0.002018699532511687,1422,0.06680731364275667,95,1.0
304,2015,15 to 17,Violent victimization,58,0.0012324691882702932,1422,0.040787623066104076,58,1.0
305,2015,18 to 20,Violent victimization,84,0.0017849553761155972,1422,0.05907172995780591,84,1.0
306,2015,21 to 24,Personal theft/larceny,4,8.499787505312367e-05,1422,0.0028129395218002813,126,0.031746031746031744
307,2015,21 to 24,Violent victimization,122,0.002592435189120272,1422,0.08579465541490858,126,0.9682539682539683
308,2015,25 to 34,Personal theft/larceny,8,0.00016999575010624734,1422,0.005625879043600563,274,0.029197080291970802
309,2015,25 to 34,Violent victimization,266,0.005652358691032724,1422,0.18706047819971872,274,0.9708029197080292
310,2015,35 to 49,Personal theft/larceny,10,0.00021249468763280918,1422,0.007032348804500703,402,0.024875621890547265
311,2015,35 to 49,Violent victimization,392,0.00832979175520612,1422,0.27566807313642755,402,0.9751243781094527
312,2015,50 to 64,Personal theft/larceny,6,0.0001274968125796855,1422,0.004219409282700422,289,0.020761245674740483
313,2015,50 to 64,Violent victimization,283,0.0060135996600085,1422,0.1990154711673699,289,0.9792387543252595
314,2015,65 or older,Personal theft/larceny,8,0.00016999575010624734,1422,0.005625879043600563,94,0.0851063829787234
315,2015,65 or older,Violent victimization,86,0.001827454313642159,1422,0.06047819971870605,94,0.9148936170212766
316,2016,12 to 14,Violent victimization,96,0.002039949001274968,1928,0.04979253112033195,96,1.0
317,2016,15 to 17,Personal theft/larceny,1,2.1249468763280918e-05,1928,0.0005186721991701245,71,0.014084507042253521
318,2016,15 to 17,Violent victimization,70,0.0014874628134296643,1928,0.03630705394190872,71,0.9859154929577465
319,2016,18 to 20,Personal theft/larceny,3,6.374840628984275e-05,1928,0.0015560165975103733,116,0.02586206896551724
320,2016,18 to 20,Violent victimization,113,0.0024011899702507437,1928,0.058609958506224066,116,0.9741379310344828
321,2016,21 to 24,Personal theft/larceny,4,8.499787505312367e-05,1928,0.002074688796680498,173,0.023121387283236993
322,2016,21 to 24,Violent victimization,169,0.0035911602209944752,1928,0.08765560165975103,173,0.976878612716763
323,2016,25 to 34,Personal theft/larceny,7,0.00014874628134296642,1928,0.0036307053941908715,442,0.01583710407239819
324,2016,25 to 34,Violent victimization,435,0.0092435189120272,1928,0.22562240663900415,442,0.9841628959276018
325,2016,35 to 49,Personal theft/larceny,6,0.0001274968125796855,1928,0.0031120331950207467,521,0.011516314779270634
326,2016,35 to 49,Violent victimization,515,0.010943476413089672,1928,0.2671161825726141,521,0.9884836852207294
327,2016,50 to 64,Personal theft/larceny,10,0.00021249468763280918,1928,0.005186721991701245,398,0.02512562814070352
328,2016,50 to 64,Violent victimization,388,0.008244793880152996,1928,0.2012448132780083,398,0.9748743718592965
329,2016,65 or older,Personal theft/larceny,7,0.00014874628134296642,1928,0.0036307053941908715,111,0.06306306306306306
330,2016,65 or older,Violent victimization,104,0.0022099447513812156,1928,0.05394190871369295,111,0.9369369369369369
331,2017,12 to 14,Violent victimization,150,0.003187420314492138,2299,0.06524575902566333,150,1.0
332,2017,15 to 17,Violent victimization,86,0.001827454313642159,2299,0.037407568508046975,86,1.0
333,2017,18 to 20,Personal theft/larceny,5,0.00010624734381640459,2299,0.002174858634188778,169,0.029585798816568046
334,2017,18 to 20,Violent victimization,164,0.0034849128771780704,2299,0.07133536320139192,169,0.9704142011834319
335,2017,21 to 24,Personal theft/larceny,6,0.0001274968125796855,2299,0.0026098303610265334,192,0.03125
336,2017,21 to 24,Violent victimization,186,0.003952401189970251,2299,0.08090474119182253,192,0.96875
337,2017,25 to 34,Personal theft/larceny,14,0.00029749256268593285,2299,0.006089604175728578,479,0.029227557411273485
338,2017,25 to 34,Violent victimization,465,0.009881002974925626,2299,0.20226185297955632,479,0.9707724425887265
339,2017,35 to 49,Personal theft/larceny,9,0.00019124521886952826,2299,0.0039147455415398,551,0.016333938294010888
340,2017,35 to 49,Violent victimization,542,0.011517212069698258,2299,0.2357546759460635,551,0.9836660617059891
341,2017,50 to 64,Personal theft/larceny,10,0.00021249468763280918,2299,0.004349717268377556,480,0.020833333333333332
342,2017,50 to 64,Violent victimization,470,0.00998725031874203,2299,0.2044367116137451,480,0.9791666666666666
343,2017,65 or older,Personal theft/larceny,12,0.000254993625159371,2299,0.005219660722053067,192,0.0625
344,2017,65 or older,Violent victimization,180,0.003824904377390565,2299,0.078294910830796,192,0.9375
345,2018,12 to 14,Personal theft/larceny,2,4.2498937526561835e-05,2426,0.0008244023083264633,133,0.015037593984962405
346,2018,12 to 14,Violent victimization,131,0.0027836804079898,2426,0.05399835119538335,133,0.9849624060150376
347,2018,15 to 17,Personal theft/larceny,2,4.2498937526561835e-05,2426,0.0008244023083264633,81,0.024691358024691357
348,2018,15 to 17,Violent victimization,79,0.0016787080322991925,2426,0.0325638911788953,81,0.9753086419753086
349,2018,18 to 20,Personal theft/larceny,6,0.0001274968125796855,2426,0.00247320692497939,149,0.040268456375838924
350,2018,18 to 20,Violent victimization,143,0.0030386740331491712,2426,0.05894476504534213,149,0.959731543624161
351,2018,21 to 24,Personal theft/larceny,9,0.00019124521886952826,2426,0.003709810387469085,237,0.0379746835443038
352,2018,21 to 24,Violent victimization,228,0.004844878878028049,2426,0.09398186314921682,237,0.9620253164556962
353,2018,25 to 34,Personal theft/larceny,10,0.00021249468763280918,2426,0.004122011541632316,494,0.020242914979757085
354,2018,25 to 34,Violent victimization,484,0.010284742881427965,2426,0.19950535861500412,494,0.979757085020243
355,2018,35 to 49,Personal theft/larceny,7,0.00014874628134296642,2426,0.0028854080791426216,611,0.011456628477905073
356,2018,35 to 49,Violent victimization,604,0.012834679133021675,2426,0.24896949711459193,611,0.9885433715220949
357,2018,50 to 64,Personal theft/larceny,14,0.00029749256268593285,2426,0.005770816158285243,519,0.02697495183044316
358,2018,50 to 64,Violent victimization,505,0.010730981725456864,2426,0.208161582852432,519,0.9730250481695568
359,2018,65 or older,Personal theft/larceny,11,0.0002337441563960901,2426,0.004534212695795548,202,0.054455445544554455
360,2018,65 or older,Violent victimization,191,0.004058648533786655,2426,0.07873042044517725,202,0.9455445544554455
361,2019,12 to 14,Personal theft/larceny,1,2.1249468763280918e-05,2242,0.00044603033006244426,138,0.007246376811594203
362,2019,12 to 14,Violent victimization,137,0.002911177220569486,2242,0.061106155218554864,138,0.9927536231884058
363,2019,15 to 17,Personal theft/larceny,1,2.1249468763280918e-05,2242,0.00044603033006244426,87,0.011494252873563218
364,2019,15 to 17,Violent victimization,86,0.001827454313642159,2242,0.0383586083853702,87,0.9885057471264368
365,2019,18 to 20,Violent victimization,145,0.003081172970675733,2242,0.06467439785905442,145,1.0
366,2019,21 to 24,Personal theft/larceny,5,0.00010624734381640459,2242,0.0022301516503122213,189,0.026455026455026454
367,2019,21 to 24,Violent victimization,184,0.003909902252443689,2242,0.08206958073148975,189,0.9735449735449735
368,2019,25 to 34,Personal theft/larceny,7,0.00014874628134296642,2242,0.0031222123104371097,441,0.015873015873015872
369,2019,25 to 34,Violent victimization,434,0.009222269443263919,2242,0.1935771632471008,441,0.9841269841269841
370,2019,35 to 49,Personal theft/larceny,8,0.00016999575010624734,2242,0.003568242640499554,546,0.014652014652014652
371,2019,35 to 49,Violent victimization,538,0.011432214194645135,2242,0.23996431757359502,546,0.9853479853479854
372,2019,50 to 64,Personal theft/larceny,13,0.00027624309392265195,2242,0.005798394290811775,514,0.02529182879377432
373,2019,50 to 64,Violent victimization,501,0.01064598385040374,2242,0.22346119536128456,514,0.9747081712062257
374,2019,65 or older,Personal theft/larceny,9,0.00019124521886952826,2242,0.004014272970561998,182,0.04945054945054945
375,2019,65 or older,Violent victimization,173,0.003676158096047599,2242,0.07716324710080286,182,0.9505494505494505
